0846333 5
0846366 6
0846399 7
0846433 8
0846467 9
0846502 10
0846534 11
0846568 12
0846602 13
0846636 14
0846669 15
0846703 16
0846736 17
0846770 18
0846804 19
0846839 20
0846873 21
0846907 22
0846941 23
0846974 24
0847008 25
0847042 26
0847076 27
0847109 28
0847143 29
0847178 30
0847211 31
0847244 32
0847278 33
0847312 34
0847346 35
0847380 36
0847413 37
0847446 38
0847481 39
0847515 40
0847549 41
0847583 42
0847617 43
0847650 44
0847684 45
0847718 46
0847757 47
0847787 48
0847821 49
0847854 50
0847889 51
0847923 52
0847957 53
0847992 54
0848026 55
0848064 56
0848096 57
0848129 58
0848163 59
0848198 60
0848232 61
0848266 62
0848301 63
0848334 64
0848368 65
0848401 66
0848435 67
0848469 68
0848502 69
0848537 70
0848571 71
0848605 72
0848641 73
0848674 74
0848709 75
0848742 76
0848777 77
0848812 78
0848845 79
0848878 80
0848912 81
0848945 82
0848980 83
0849015 84
0849049 85
0849083 86
0849116 87
0849150 88
0849184 89
0849218 90
0849252 91
0849285 92
0849353 93
0849388 94
0849421 95
0849455 96
0849488 97
0849521 98
0849555 99
0849589 100
0849623 101
0849656 102
0849690 103
0849723 104
0849757 105
0849791 106
0849826 107
0849859 108
0849893 109
0849928 110
0849962 111
0849995 112
0850029 113
0850062 114
0850096 115
0850129 116
0850163 117
0850198 118
0850232 119
0850265 120
0850299 121
0850332 122
0850366 123
0850399 124
0850433 125
0850466 126
0850500 127
0850533 128
0850567 129
