0515337 200
0515371 200
0515405 200
0515438 200
0515473 200
0515507 200
0515540 200
0515574 200
0515607 200
0515641 200
0515675 200
0515709 200
0515742 200
0515776 200
0515810 200
0515843 200
0515877 200
0515944 200
0515977 200
0516012 200
0516045 200
0516080 200
0516115 200
0516147 200
0516180 200
0516214 200
0516247 200
0516281 200
0516315 200
0516350 200
0516383 200
0516417 200
0516451 200
0516485 200
0516521 200
0516555 200
0516588 200
0516657 200
0516688 200
0516723 200
0516756 200
0516790 200
0516823 200
0516858 200
0516893 200
0516926 200
0516960 200
0516993 200
0517028 200
0517061 200
0518409 200
0518443 200
0518611 200
0518644 200
0518779 200
0518813 200
0518846 200
0518947 200
0518980 200
0519014 200
0519182 200
0519215 200
0519382 200
0519416 200
0519552 200
0519585 200
0519721 200
0519754 200
0520127 200
0520160 200
0520194 200
0520329 200
0520364 200
0520398 200
0520534 200
0520568 200
