0765576 139
0765609 105
0765643 174
0765676 129
0765709 83
0765744 163
0765778 167
0765811 69
0765845 110
0765878 150
0765912 86
0765945 32
0765980 166
0766013 96
0766046 200
0766081 147
0766114 32
0766147 41
0766181 196
0766215 9
0766248 107
0766282 158
0766316 97
0766349 187
0766382 26
0766416 121
0766450 123
0766485 100
0766520 52
0766552 131
0766586 176
0766619 143
0766653 74
0766687 117
0766721 72
0766754 104
0766788 40
0766822 99
0766890 108
0766924 16
0766958 127
0766992 138
0767026 78
0767060 69
0767094 146
0767128 116
0767162 58
0767196 73
0767230 152
0767969 49
0768003 67
0768036 162
0768069 42
0768102 64
0768136 128
0768170 146
0768203 134
0768237 183
0768272 121
0768307 40
0768340 195
0768374 47
0768408 93
0768711 111
0768745 45
0768778 147
0768812 69
0768847 53
0768881 51
0768914 10
0768951 95
0768981 134
0769014 175
0769048 155
0769081 11
0769114 106
0769148 198
0769182 153
0769216 34
0769249 28
0769283 89
0769316 159
0769350 161
0769385 45
0769418 171
0769452 181
0769485 136
0769519 113
0769553 149
0769586 44
0769619 31
0769719 128
0769752 142
0769786 143
0769819 123
0769853 87
0769886 134
0769920 146
0769954 38
0769987 120
0770022 44
0770056 63
0770089 109
